MAG02_Mycoplasma_sp	MAG03_Mycoplasma_sp	MAG04_Mycoplasma_sp	MAG05_Mycoplasma_sp	MAG06_Photobacterium_phosphoreum	MAG07_Photobacterium_iliopiscarium	MAG08_Aliivibrio_sp	MAG09_Aliivibrio_sp	MAG11_Brevinema_sp	MAG12_Carnobacterium_maltaromaticum	MAG13_Lactobacillus_johnsonii
NA	NA	NA	NA	NA	NA	NA	NA	NA	NA	NA
1	0	0	1	1	0	1	0	0	0	0
0	0	0	0	0	0	0	0	1	0	0
1	1	1	1	1	0	0	0	1	1	0
0	0	0	1	0	0	0	0	0	0	0
0	0	0	0	0	0	0	0	0	0	0
NA	NA	NA	NA	NA	NA	NA	NA	NA	NA	NA
1	0	1	0	0	0	0	0	1	1	0
0	0	0	0	1	0	1	0	0	0	0
1	0	0	0	0	0	0	0	0	0	0
NA	NA	NA	NA	NA	NA	NA	NA	NA	NA	NA
1	1	1	0	0	0	0	0	0	0	0
0	0	0	0	0	0	0	0	0	0	0
1	0	0	0	0	0	0	0	0	0	0
0	0	0	0	0	0	0	0	0	0	0
0	0	0	0	0	0	0	0	1	0	0
1	0	0	0	0	0	0	0	0	0	0
1	0	1	0	0	0	0	0	0	0	0
0	0	1	0	1	0	0	0	0	0	0
1	0	0	0	1	0	0	0	0	0	0
0	0	0	0	0	0	0	0	1	0	0
0	1	0	0	1	0	0	0	0	0	0
0	0	0	0	1	0	0	0	0	0	0
0	0	0	0	0	0	0	0	0	0	0
0	0	0	0	0	0	0	0	0	0	0
1	0	0	0	0	0	0	0	0	1	0
1	1	1	0	0	0	0	0	0	1	1
1	0	0	1	0	0	0	0	1	1	0
1	0	0	0	1	0	0	0	1	0	0
0	0	0	0	0	0	0	0	1	0	0
1	1	1	1	0	0	0	0	0	0	0
1	0	0	0	1	0	0	0	1	0	0
0	0	0	0	0	0	0	0	1	0	0
0	0	0	0	0	0	0	0	0	0	0
1	0	1	0	0	0	0	0	0	1	0
0	0	0	0	1	0	0	0	0	0	0
0	0	0	1	0	0	0	0	0	0	0
1	1	1	1	1	0	0	0	0	0	0
NA	NA	NA	NA	NA	NA	NA	NA	NA	NA	NA
1	0	1	0	1	0	0	0	1	0	0
1	1	0	1	1	0	0	0	0	0	0
NA	NA	NA	NA	NA	NA	NA	NA	NA	NA	NA
1	0	1	1	0	0	0	0	1	0	1
0	0	0	0	1	0	0	0	0	0	0
0	0	0	0	1	0	0	0	0	0	1
1	0	1	0	0	0	1	0	1	0	0
1	1	0	0	1	0	0	0	0	0	0
1	0	0	1	1	0	0	0	1	0	1
1	1	0	1	1	1	0	0	0	0	0
0	0	0	0	0	0	0	0	0	0	0
0	0	0	0	0	0	0	0	0	0	0
0	0	0	0	1	0	0	0	0	0	0
1	0	1	1	1	0	0	1	0	0	0
0	1	1	0	0	0	0	0	0	0	0
0	0	0	0	0	0	0	0	0	0	0
0	1	0	0	0	0	0	0	0	0	0
1	0	0	0	0	0	0	0	1	0	0
0	1	0	1	1	0	0	0	0	1	0
1	0	0	0	0	0	0	0	1	0	0
NA	NA	NA	NA	NA	NA	NA	NA	NA	NA	NA
1	0	1	0	1	0	0	0	0	0	0
0	0	0	0	1	0	0	0	0	0	0
1	0	0	0	1	0	0	0	1	0	1
1	0	0	0	1	1	0	0	0	0	0
1	1	0	0	1	0	0	0	0	0	0
1	0	0	0	1	0	0	0	0	0	0
0	0	0	1	0	0	0	0	1	0	0
1	0	0	0	0	0	0	0	0	0	0
0	0	0	0	1	0	0	0	0	0	0
1	1	1	0	1	0	0	0	0	1	0
1	1	0	0	0	0	0	0	0	1	0
1	0	1	0	0	0	0	0	0	1	0
0	0	1	0	0	0	0	0	0	0	0
NA	NA	NA	NA	NA	NA	NA	NA	NA	NA	NA
1	0	1	0	1	0	0	0	1	0	0
1	1	1	0	1	0	0	0	0	0	0
0	0	0	0	0	0	0	0	0	0	0
0	1	0	0	1	0	0	0	0	0	0
1	0	1	0	1	0	0	0	0	0	0
1	1	1	0	1	0	0	0	0	0	0
NA	NA	NA	NA	NA	NA	NA	NA	NA	NA	NA
1	0	0	0	0	0	0	0	0	0	0
1	0	1	0	1	0	0	0	0	0	0
NA	NA	NA	NA	NA	NA	NA	NA	NA	NA	NA
1	1	1	0	0	0	0	0	1	0	0
1	0	0	0	1	0	0	0	1	0	0
1	0	0	0	1	0	0	0	1	0	0
1	0	0	0	0	0	0	0	1	0	0
0	0	0	0	0	0	1	1	0	0	0
NA	NA	NA	NA	NA	NA	NA	NA	NA	NA	NA
0	0	1	0	0	0	0	0	0	0	1
NA	NA	NA	NA	NA	NA	NA	NA	NA	NA	NA
1	0	0	0	0	1	0	0	0	1	0
NA	NA	NA	NA	NA	NA	NA	NA	NA	NA	NA
0	0	0	0	0	0	1	1	0	0	1
1	0	0	0	1	0	0	0	1	0	0
0	0	1	0	0	0	0	0	1	0	0
0	0	0	0	0	0	0	0	1	0	0
1	0	0	0	1	0	0	0	0	1	0
0	0	0	0	1	0	0	0	0	0	1
0	0	0	0	1	0	0	0	0	0	0
1	0	1	0	0	0	0	0	0	0	0
1	0	0	0	0	0	0	0	1	0	0
1	1	0	0	1	0	0	0	0	0	0
1	0	0	0	1	0	0	0	1	0	0
1	1	0	0	1	0	0	0	0	0	1
NA	NA	NA	NA	NA	NA	NA	NA	NA	NA	NA
1	0	0	0	0	0	0	0	0	0	0
0	0	0	0	0	0	0	0	0	0	0
0	0	0	0	0	0	0	0	0	0	0
0	1	0	0	0	0	0	0	0	0	0
1	0	0	0	0	0	0	0	0	0	0
0	0	0	0	1	0	0	0	0	0	0
1	1	1	1	1	0	0	0	0	0	0
1	0	1	0	1	0	0	0	0	0	0
1	1	1	0	1	0	0	0	0	0	0
NA	NA	NA	NA	NA	NA	NA	NA	NA	NA	NA
1	0	0	0	0	0	0	0	0	0	0
0	0	0	0	0	0	0	0	1	0	1
1	0	0	1	1	0	0	1	0	0	0
1	0	0	0	0	1	0	1	0	0	1
0	0	0	0	1	0	0	0	0	0	0
1	1	0	0	1	0	0	0	0	1	0
0	0	0	1	0	0	0	0	0	0	0
0	0	0	0	1	0	0	0	0	0	0
0	0	0	0	0	0	0	0	0	1	0
1	0	1	0	0	0	0	0	0	0	0
1	1	0	1	1	0	0	0	0	0	0
1	0	0	0	0	0	1	0	0	0	0
1	0	1	0	1	0	0	0	0	0	0
0	1	0	1	1	0	0	0	0	0	0
0	0	0	0	0	0	0	0	0	0	0
1	1	1	0	1	0	0	0	0	1	0
0	0	0	0	0	0	0	0	1	0	0
1	0	0	0	0	0	0	0	0	0	0
NA	NA	NA	NA	NA	NA	NA	NA	NA	NA	NA
0	1	0	0	1	0	0	0	1	1	0
1	0	1	0	1	0	0	0	0	0	0
0	0	0	1	1	0	0	0	0	1	0
0	1	0	0	0	0	0	0	0	0	1
1	0	0	0	0	0	0	0	0	0	0
0	0	0	0	1	0	0	0	0	0	0
0	0	0	0	1	1	0	0	0	0	0
0	0	0	0	0	0	0	0	0	0	0
0	0	0	0	1	0	0	0	0	0	0
0	0	0	1	0	0	0	0	1	0	0
1	0	1	1	1	0	0	0	0	1	0
1	0	0	0	0	0	1	0	0	0	0
1	0	0	0	0	0	1	0	0	1	0
1	1	1	1	0	0	0	0	1	0	1
0	1	0	0	0	0	0	0	0	0	0
NA	NA	NA	NA	NA	NA	NA	NA	NA	NA	NA
1	0	0	0	0	0	0	0	0	0	0
0	0	0	0	1	0	0	0	1	0	1
1	0	0	0	1	0	0	0	0	0	1
0	0	0	0	0	0	0	0	1	0	0
NA	NA	NA	NA	NA	NA	NA	NA	NA	NA	NA
1	1	1	0	0	0	0	0	0	1	0
0	0	0	0	1	0	0	0	0	0	0
NA	NA	NA	NA	NA	NA	NA	NA	NA	NA	NA
1	0	0	0	0	0	0	0	0	0	0
0	0	0	0	0	0	0	0	0	0	0
NA	NA	NA	NA	NA	NA	NA	NA	NA	NA	NA
1	0	0	0	1	0	1	0	0	0	0
1	0	0	0	1	1	0	0	0	0	0
1	1	0	0	1	0	0	0	0	1	0
1	0	0	0	1	0	1	1	0	0	0
1	1	0	0	0	0	0	0	1	0	0
0	0	0	0	0	0	0	0	0	0	0
0	0	0	0	1	0	1	0	0	0	0
0	0	0	0	0	0	0	0	1	0	0
0	0	0	0	0	0	0	0	1	0	0
1	1	0	0	0	0	0	0	1	0	0
NA	NA	NA	NA	NA	NA	NA	NA	NA	NA	NA
0	0	0	0	0	0	0	0	1	0	0
1	1	1	0	1	0	0	0	0	0	0
0	1	1	0	1	0	1	0	0	1	0
1	1	1	1	1	0	1	0	1	0	0
NA	NA	NA	NA	NA	NA	NA	NA	NA	NA	NA
0	0	0	0	1	0	0	0	1	0	0
1	1	1	0	0	0	0	0	0	1	0
1	0	0	0	0	0	0	1	0	0	0
0	0	0	0	0	0	0	0	0	0	0
1	0	0	0	0	0	0	1	0	0	0
1	0	0	0	1	0	0	0	0	0	0
1	0	0	0	1	0	0	0	1	0	0
0	1	0	0	0	0	0	1	0	0	0
NA	NA	NA	NA	NA	NA	NA	NA	NA	NA	NA
1	0	0	0	1	0	1	0	1	0	0
0	0	0	0	1	0	0	0	0	0	0
1	0	0	0	0	0	0	1	1	1	0
1	0	0	0	0	0	0	0	0	0	0
1	1	1	0	0	0	0	0	1	0	0
1	1	0	0	1	1	1	0	0	0	0
NA	NA	NA	NA	NA	NA	NA	NA	NA	NA	NA
0	0	0	0	0	0	1	0	1	0	0
1	1	1	0	1	0	0	0	1	0	0
0	0	0	0	1	1	1	0	1	0	0
0	0	0	0	0	0	1	0	1	0	0
NA	NA	NA	NA	NA	NA	NA	NA	NA	NA	NA
0	0	0	0	0	0	0	0	0	0	0
1	0	0	0	1	0	1	0	0	0	0
0	0	0	0	0	0	1	0	1	0	0
1	0	0	0	1	0	0	0	1	0	0
1	0	0	1	1	0	1	0	0	0	0
1	1	0	0	1	1	0	0	0	0	0
1	0	0	0	1	0	0	0	0	0	0
1	0	0	0	0	0	0	0	0	0	0
1	1	1	0	0	0	0	0	1	0	0
1	0	1	0	1	0	0	0	0	0	0
NA	NA	NA	NA	NA	NA	NA	NA	NA	NA	NA
1	0	0	0	0	0	1	0	1	0	0
NA	NA	NA	NA	NA	NA	NA	NA	NA	NA	NA
0	0	0	0	0	0	1	0	0	0	0
0	0	0	0	0	0	0	0	1	0	0
0	0	0	0	0	0	1	0	0	0	0
1	1	0	0	0	0	0	0	1	0	0
0	0	0	0	1	0	1	0	0	0	0
0	0	0	0	0	0	0	0	1	0	0
0	0	0	0	0	0	0	0	0	0	0
1	0	0	0	0	0	0	0	1	0	0
0	0	0	0	0	0	0	0	0	0	0
0	0	0	0	0	0	0	0	1	0	0
0	0	0	0	0	0	0	0	0	0	0
NA	NA	NA	NA	NA	NA	NA	NA	NA	NA	NA
1	0	1	0	1	0	0	0	0	0	0
1	1	0	0	0	0	0	0	0	0	0
0	0	0	0	0	0	1	0	0	0	1
1	1	0	0	1	0	0	0	0	1	0
0	0	0	0	1	0	0	0	1	1	0
1	0	0	0	0	0	0	0	1	0	0
1	0	0	0	1	0	0	1	0	0	0
0	0	0	0	0	0	0	0	0	0	0
1	0	0	0	0	0	1	0	1	0	0
0	0	0	0	1	0	0	0	1	0	0
0	0	0	0	0	0	1	1	0	0	0
1	0	0	0	0	0	0	0	1	0	0
1	0	0	0	1	0	0	0	0	0	0
0	0	0	0	1	0	1	0	0	0	0
1	0	0	0	1	0	1	0	0	0	0
NA	NA	NA	NA	NA	NA	NA	NA	NA	NA	NA
0	0	0	0	0	0	0	0	0	0	0
NA	NA	NA	NA	NA	NA	NA	NA	NA	NA	NA
1	0	0	0	1	0	0	0	0	0	0
0	0	0	0	0	0	1	1	0	0	0
NA	NA	NA	NA	NA	NA	NA	NA	NA	NA	NA
0	0	0	1	1	0	0	0	0	0	0
1	0	1	0	0	0	0	0	0	0	0
1	0	1	0	1	0	0	0	1	1	0
1	0	0	0	1	0	1	0	0	0	0
1	0	0	0	1	0	0	1	0	0	0
NA	NA	NA	NA	NA	NA	NA	NA	NA	NA	NA
1	1	0	1	0	0	1	0	0	0	1
1	0	0	0	1	0	1	0	0	0	0
NA	NA	NA	NA	NA	NA	NA	NA	NA	NA	NA
0	0	0	1	0	0	0	0	1	0	0
1	0	0	0	0	0	0	0	1	0	0
0	0	0	0	1	1	1	0	1	1	0
1	0	0	0	1	0	0	0	1	0	0
0	0	0	0	1	1	0	0	0	0	0
0	0	0	0	0	0	0	0	0	0	0
0	0	0	0	1	0	1	0	0	0	0
NA	NA	NA	NA	NA	NA	NA	NA	NA	NA	NA
1	0	0	1	1	0	0	0	0	1	0
0	0	0	0	1	1	0	0	0	0	0
0	0	0	0	1	0	1	0	0	0	0
1	0	0	0	0	0	0	0	0	0	0
0	0	0	0	0	0	1	0	0	0	0
1	0	0	0	1	0	1	0	0	0	0
NA	NA	NA	NA	NA	NA	NA	NA	NA	NA	NA
1	1	1	0	0	0	0	0	0	0	0
NA	NA	NA	NA	NA	NA	NA	NA	NA	NA	NA
NA	NA	NA	NA	NA	NA	NA	NA	NA	NA	NA
0	0	0	0	0	0	0	0	0	0	0
1	0	0	0	1	0	1	0	1	1	0
0	1	0	0	0	0	1	0	0	0	0
1	1	0	1	1	0	0	0	0	0	0
1	0	0	0	1	1	0	0	1	1	0
0	0	0	0	0	0	0	0	0	0	0
1	0	0	0	1	0	0	0	0	0	0
0	0	0	0	0	0	0	0	0	0	0
1	0	1	0	0	0	0	0	0	1	0
1	1	0	0	0	0	0	0	0	0	1
1	1	0	0	1	0	1	0	1	1	0
1	0	0	0	0	0	0	0	0	0	0
1	0	0	0	0	0	0	1	0	0	0
1	1	0	0	1	0	0	0	1	0	0
1	0	0	0	0	0	0	0	1	0	0
NA	NA	NA	NA	NA	NA	NA	NA	NA	NA	NA
1	1	0	0	1	0	0	1	0	0	0
1	1	1	1	1	0	0	0	0	0	0
NA	NA	NA	NA	NA	NA	NA	NA	NA	NA	NA
NA	NA	NA	NA	NA	NA	NA	NA	NA	NA	NA
NA	NA	NA	NA	NA	NA	NA	NA	NA	NA	NA
NA	NA	NA	NA	NA	NA	NA	NA	NA	NA	NA
0	0	0	0	1	0	0	0	0	0	0
0	0	0	0	0	0	0	0	0	0	0
1	1	1	0	0	0	0	0	0	0	0
1	0	0	0	0	0	0	0	1	0	1
1	1	0	0	0	0	0	0	0	0	1
1	0	0	0	0	0	0	0	0	1	0
1	1	0	0	1	0	0	0	0	0	0
1	0	0	0	1	1	1	0	0	0	0
1	0	0	0	0	0	0	0	1	0	0
1	0	1	0	1	0	1	0	0	0	0
0	0	0	1	0	0	0	0	0	0	0
NA	NA	NA	NA	NA	NA	NA	NA	NA	NA	NA
NA	NA	NA	NA	NA	NA	NA	NA	NA	NA	NA
1	1	1	0	0	0	0	0	0	0	1
1	0	0	1	1	0	0	0	0	0	0
1	0	0	0	0	0	0	0	0	0	0
1	0	1	0	0	0	0	0	0	0	1
NA	NA	NA	NA	NA	NA	NA	NA	NA	NA	NA
NA	NA	NA	NA	NA	NA	NA	NA	NA	NA	NA
NA	NA	NA	NA	NA	NA	NA	NA	NA	NA	NA
NA	NA	NA	NA	NA	NA	NA	NA	NA	NA	NA
1	0	0	1	1	0	1	0	0	0	0
NA	NA	NA	NA	NA	NA	NA	NA	NA	NA	NA
0	0	0	0	1	0	0	0	0	0	0
1	0	0	0	1	0	1	0	0	0	0
0	0	0	0	1	0	1	0	0	0	0
1	1	0	0	1	0	1	0	0	0	0
0	0	0	0	1	0	0	0	1	0	0
0	0	0	0	0	0	0	0	0	0	0
NA	NA	NA	NA	NA	NA	NA	NA	NA	NA	NA
1	0	0	0	0	0	0	0	1	0	0
0	0	0	0	1	0	0	0	0	0	0
1	1	0	1	1	0	0	0	0	0	0
0	0	0	0	1	0	1	0	0	0	0
0	0	0	0	1	0	1	0	0	0	0
0	0	0	0	0	0	0	0	0	0	0
NA	NA	NA	NA	NA	NA	NA	NA	NA	NA	NA
0	0	0	0	0	0	1	0	0	0	0
NA	NA	NA	NA	NA	NA	NA	NA	NA	NA	NA
1	0	0	0	0	0	0	0	0	1	0
0	0	0	0	0	0	1	0	0	0	0
0	0	0	0	0	0	0	0	0	0	0
NA	NA	NA	NA	NA	NA	NA	NA	NA	NA	NA
0	0	0	0	0	0	0	0	0	1	0
0	0	0	0	0	0	0	0	0	1	0
1	1	0	1	1	0	0	0	1	0	0
NA	NA	NA	NA	NA	NA	NA	NA	NA	NA	NA
NA	NA	NA	NA	NA	NA	NA	NA	NA	NA	NA
1	0	0	0	0	0	0	0	1	0	0
0	0	0	0	0	0	0	0	0	0	0
0	0	0	0	1	1	0	0	0	0	0
0	0	0	0	0	0	1	0	1	0	0
0	0	0	0	0	0	0	0	1	0	0
0	0	0	0	1	0	0	0	1	0	0
1	0	0	0	0	0	1	0	1	0	0
0	0	0	0	0	0	0	0	0	0	0
1	1	1	0	0	0	0	0	0	1	0
NA	NA	NA	NA	NA	NA	NA	NA	NA	NA	NA
0	0	0	0	1	1	1	0	0	0	0
0	0	0	0	0	0	0	0	0	0	0
0	1	0	0	0	0	0	0	0	0	0
0	0	0	0	0	0	0	0	0	0	0
NA	NA	NA	NA	NA	NA	NA	NA	NA	NA	NA
1	0	0	0	0	0	0	0	0	1	0
1	0	0	1	0	0	0	0	0	0	0
1	0	0	0	1	0	0	0	0	0	0
